individuo(1,3,3,7,1,2,3,1,2,2).
individuo(2,4,3,5,1,2,2,2,3,2).
individuo(3,4,3,5,1,2,2,1,2,2).
individuo(4,6,2,4,1,2,2,2,1,2).
individuo(5,4,3,1,1,2,2,2,4,2).
individuo(6,6,2,4,1,2,2,1,2,2).
individuo(7,5,3,6,1,2,2,1,2,2).
individuo(8,6,2,5,1,2,1,1,2,2).
individuo(9,4,3,11,1,2,2,1,2,2).
individuo(10,4,3,5,1,2,2,2,1,2).
individuo(11,4,3,1,1,2,3,1,5,2).
individuo(12,5,2,6,1,2,2,1,2,2).
individuo(13,6,1,3,1,2,1,1,3,2).
individuo(14,5,2,6,1,2,3,1,3,2).
individuo(15,4,3,7,1,2,3,1,1,2).
individuo(16,6,1,7,1,2,1,1,2,2).
individuo(17,4,3,4,1,2,2,1,2,2).
individuo(18,5,3,7,1,2,3,1,2,2).
individuo(19,6,2,7,1,2,3,1,2,2).
individuo(20,5,2,7,1,2,1,2,3,2).
individuo(21,5,2,9,1,2,2,1,2,2).
individuo(22,6,2,4,1,2,2,1,2,2).
individuo(23,3,3,6,1,2,2,2,2,2).
individuo(24,5,3,9,1,2,2,1,1,2).
individuo(25,5,3,8,1,2,2,2,1,2).
individuo(26,4,3,6,1,2,2,1,1,2).
individuo(27,5,3,5,1,2,1,1,2,2).
individuo(28,6,2,6,1,2,3,2,1,2).
individuo(29,4,3,9,1,2,2,2,2,2).
individuo(30,6,2,7,1,2,2,1,2,2).
individuo(31,5,2,9,1,2,3,2,1,2).
individuo(32,5,3,4,1,2,2,2,2,2).
individuo(33,5,3,3,1,2,3,1,2,2).
individuo(34,5,2,3,1,2,1,2,1,2).
individuo(35,5,2,3,1,2,1,1,1,2).
individuo(36,3,3,7,1,2,2,1,1,2).
individuo(37,5,2,1,1,2,2,1,5,2).
individuo(38,5,2,4,1,2,1,2,5,2).
individuo(39,4,3,3,1,2,2,1,2,2).
individuo(40,4,3,7,1,2,1,1,2,2).
individuo(41,5,2,5,1,2,1,2,2,2).
individuo(42,6,2,6,1,2,2,1,2,2).
individuo(43,6,2,2,1,2,1,1,5,2).
individuo(44,4,3,3,1,2,2,1,1,2).
individuo(45,5,2,11,1,2,1,2,3,2).
individuo(46,5,2,7,1,2,1,1,1,2).
individuo(47,4,3,6,1,2,2,2,2,2).
individuo(48,5,3,6,1,2,1,2,1,2).
individuo(49,4,3,5,1,2,1,2,3,2).
individuo(50,4,3,5,1,2,1,2,2,2).
individuo(51,5,1,4,1,2,2,1,2,2).
individuo(52,3,3,5,1,2,2,1,4,2).
individuo(53,5,3,4,1,2,1,1,2,2).
individuo(54,7,2,5,1,2,3,1,1,2).
individuo(55,7,2,9,1,2,1,2,1,2).
individuo(56,7,2,9,1,2,1,2,3,2).
individuo(57,5,2,1,1,2,1,2,5,2).
individuo(58,5,2,2,1,2,2,2,3,2).
individuo(59,6,2,7,1,2,1,1,1,2).
individuo(60,6,2,4,1,2,1,2,1,2).
individuo(61,4,3,5,1,2,2,1,5,2).
individuo(62,4,3,3,1,2,1,2,4,2).
individuo(63,5,2,1,1,2,1,1,2,2).
individuo(64,2,3,8,1,2,2,2,3,2).
individuo(65,4,3,6,1,2,1,1,4,2).
individuo(66,4,3,3,1,2,1,2,1,2).
individuo(67,4,3,6,1,2,1,2,4,2).
individuo(68,5,2,5,1,2,3,1,1,2).
individuo(69,5,2,8,1,2,3,1,2,2).
individuo(70,6,2,11,1,2,2,1,2,2).
individuo(71,6,2,3,1,2,1,1,2,2).
individuo(72,4,3,6,1,2,2,2,1,2).
individuo(73,6,2,5,1,2,2,1,1,2).
individuo(74,5,3,4,1,2,2,2,4,2).
individuo(75,3,3,2,1,2,2,1,4,2).
individuo(76,5,2,3,1,2,1,1,2,2).
individuo(77,5,2,3,1,2,2,1,2,2).
individuo(78,3,3,6,1,2,1,1,5,2).
individuo(79,5,3,6,1,2,2,1,2,2).
individuo(80,4,3,6,1,2,2,2,5,2).
individuo(81,5,2,3,1,2,2,2,2,2).
individuo(82,6,2,3,1,2,1,1,1,2).
individuo(83,6,2,4,1,2,2,2,2,2).
individuo(84,5,2,4,1,2,2,2,2,2).
individuo(85,4,3,5,1,2,1,1,4,2).
individuo(86,5,2,8,1,2,3,1,1,2).
individuo(87,6,2,6,1,2,2,2,2,2).
individuo(88,7,2,1,1,2,1,1,4,2).
individuo(89,5,2,5,1,2,3,2,1,2).
individuo(90,4,3,9,1,2,1,2,1,2).
individuo(91,3,3,1,1,2,2,2,5,2).
individuo(92,5,2,5,1,2,3,1,1,2).
individuo(93,5,2,6,1,2,2,2,1,2).
individuo(94,6,2,5,1,2,2,2,1,2).
individuo(95,5,3,3,1,2,1,1,2,2).
individuo(96,4,3,7,1,2,2,2,4,2).
individuo(97,6,2,7,1,2,2,1,1,2).
individuo(98,6,2,4,1,2,2,2,1,2).
individuo(99,4,3,7,1,2,1,1,3,2).
individuo(100,3,3,6,1,2,2,1,2,2).
individuo(101,4,2,5,1,2,3,1,2,2).
individuo(102,5,2,7,1,2,3,2,2,2).
individuo(103,5,3,6,1,2,2,2,4,2).
individuo(104,4,3,5,1,2,2,1,4,2).
individuo(105,4,3,3,1,2,2,2,2,2).
individuo(106,4,3,7,1,2,1,2,1,2).
individuo(107,4,3,5,1,2,2,1,1,2).
individuo(108,3,3,9,1,2,2,2,3,2).
individuo(109,4,3,7,1,2,3,2,3,2).
individuo(110,6,2,7,1,2,1,2,1,2).
individuo(111,5,2,6,1,2,1,1,2,2).
individuo(112,5,2,4,1,2,1,2,5,2).
individuo(113,4,3,5,1,2,2,2,1,2).
individuo(114,4,3,3,1,2,1,2,1,2).
individuo(115,4,3,8,1,2,2,2,3,2).
individuo(116,5,2,5,1,2,2,2,1,2).
individuo(117,3,3,4,1,2,1,1,2,2).
individuo(118,4,2,5,1,2,3,1,1,2).
individuo(119,3,3,3,1,2,1,2,2,2).
individuo(120,6,2,4,1,2,1,1,4,2).
individuo(121,6,2,5,1,2,1,1,2,2).
individuo(122,5,2,4,1,2,2,2,3,2).
individuo(123,5,2,9,1,2,3,1,1,2).
individuo(124,5,2,7,1,2,1,2,2,2).
individuo(125,6,2,3,1,2,1,2,2,2).
individuo(126,7,2,3,1,2,2,1,5,2).
individuo(127,3,3,7,3,1,2,2,3,2).
individuo(128,3,3,6,3,1,2,2,1,1).
individuo(129,5,3,6,1,1,2,1,1,2).
individuo(130,4,3,8,4,1,2,2,1,1).
individuo(131,4,3,8,4,1,2,2,3,1).
individuo(132,4,3,9,2,1,3,2,1,1).
individuo(133,4,3,7,3,2,2,1,1,2).
individuo(134,5,2,9,1,2,3,1,3,2).
individuo(135,6,2,7,1,2,2,1,2,1).
individuo(136,3,3,5,2,2,2,2,5,2).
individuo(137,3,3,9,2,2,3,2,3,1).
individuo(138,4,3,2,1,2,1,1,2,1).
individuo(139,3,3,9,1,2,2,1,2,1).
individuo(140,4,3,7,1,2,2,1,4,2).
individuo(141,5,2,9,2,1,2,1,2,2).
individuo(142,5,3,5,2,1,2,1,2,2).
individuo(143,6,2,3,1,2,1,1,1,2).
individuo(144,4,3,10,1,2,2,1,2,1).
individuo(145,6,2,10,3,1,3,1,5,2).
individuo(146,6,2,11,1,2,2,2,1,1).
individuo(147,5,3,7,2,1,2,1,2,1).
individuo(148,3,3,5,1,2,3,1,5,2).
individuo(149,5,1,7,1,2,3,2,1,2).
individuo(150,5,2,6,6,1,3,2,1,2).
individuo(151,6,2,7,2,1,3,1,2,2).
individuo(152,5,2,8,6,2,3,1,2,2).
individuo(153,6,2,4,1,2,3,2,1,1).
individuo(154,3,1,4,1,2,3,2,1,2).
individuo(155,6,2,9,2,2,2,2,1,1).
individuo(156,5,2,6,2,1,3,2,1,2).
individuo(157,5,3,7,1,2,1,1,5,2).
individuo(158,5,2,7,1,2,1,2,5,2).
individuo(159,4,3,8,1,2,1,1,2,2).
individuo(160,4,3,6,1,2,3,2,1,1).
individuo(161,4,3,7,2,1,2,2,2,2).
individuo(162,6,2,3,1,2,2,2,1,1).
individuo(163,4,3,5,2,2,2,2,1,2).
individuo(164,4,3,5,2,2,2,2,2,2).
individuo(165,4,2,9,6,1,2,2,1,1).
individuo(166,5,3,3,1,2,2,2,1,2).
individuo(167,4,2,7,1,2,2,1,1,1).
individuo(168,3,3,5,2,1,2,2,1,1).
individuo(169,3,3,4,1,2,1,1,2,2).
individuo(170,6,2,7,3,1,2,2,3,2).
individuo(171,5,2,5,2,1,2,2,1,2).
individuo(172,5,3,6,2,1,2,1,2,1).
individuo(173,4,3,7,1,2,2,2,3,1).
individuo(174,4,2,6,1,2,2,1,2,2).
individuo(175,6,2,3,1,2,2,1,2,2).
individuo(176,5,3,6,2,2,2,2,1,1).
individuo(177,4,3,5,1,2,3,2,2,1).
individuo(178,4,3,8,1,1,3,2,1,1).
individuo(179,4,3,8,1,1,3,2,2,1).
individuo(180,4,3,6,1,2,1,2,2,1).
individuo(181,4,3,5,3,2,2,2,2,1).
individuo(182,5,2,6,1,2,1,1,4,2).
individuo(183,6,2,4,1,2,2,1,1,1).
individuo(184,4,3,3,1,2,2,2,1,2).
individuo(185,5,2,5,1,1,2,2,1,2).
individuo(186,4,3,4,5,2,3,2,4,1).
individuo(187,4,3,6,1,2,2,1,1,1).
individuo(188,5,2,7,3,1,2,1,2,2).
individuo(189,3,3,3,1,2,2,1,4,2).
individuo(190,5,3,11,1,1,2,2,1,1).
individuo(191,5,2,8,1,2,2,1,1,2).
individuo(192,5,3,3,2,2,1,2,1,2).
individuo(193,4,3,3,1,2,2,1,2,1).
individuo(194,5,2,4,1,1,2,1,5,1).
individuo(195,5,3,6,1,2,1,1,2,2).
individuo(196,6,2,6,1,2,3,2,2,2).
individuo(197,5,3,4,1,2,2,1,2,2).
individuo(198,4,3,9,1,2,1,1,2,2).
individuo(199,5,2,8,1,2,2,1,2,2).
individuo(200,5,3,6,1,2,2,1,3,2).
individuo(201,3,3,1,1,2,2,2,5,2).
individuo(202,5,3,6,1,2,2,1,3,2).
individuo(203,5,3,7,1,2,3,1,3,2).
individuo(204,4,3,8,1,2,1,2,1,2).
individuo(205,4,3,5,1,2,2,1,2,2).
individuo(206,5,2,5,1,2,2,2,5,2).
individuo(207,4,3,7,1,2,3,2,3,2).
individuo(208,5,3,6,1,2,1,2,1,2).
individuo(209,6,2,9,1,2,2,2,2,2).
individuo(210,4,2,5,1,2,2,2,1,2).
individuo(211,5,2,5,1,2,2,1,1,2).
individuo(212,4,3,4,1,2,2,1,1,2).
individuo(213,6,2,7,1,2,3,2,5,2).
individuo(214,3,3,4,1,2,1,2,2,2).
individuo(215,4,3,6,1,2,3,1,3,2).
individuo(216,3,3,7,1,2,1,2,1,2).
individuo(217,6,2,6,1,2,3,1,4,1).
individuo(218,6,2,5,1,2,3,2,2,2).
individuo(219,3,3,6,2,1,3,1,2,1).
individuo(220,4,2,5,2,2,3,2,2,1).
individuo(221,4,3,7,6,1,3,1,2,2).
individuo(222,5,3,7,1,2,3,2,1,1).
individuo(223,6,2,9,2,1,3,2,2,2).
individuo(224,6,2,10,1,2,1,2,3,1).
individuo(225,5,3,11,4,1,2,2,1,2).
individuo(226,4,3,7,2,2,2,2,1,2).
individuo(227,3,3,7,2,2,3,2,1,1).
individuo(228,6,2,7,1,2,3,2,1,1).
individuo(229,5,3,6,2,1,3,1,2,1).
individuo(230,4,3,6,1,2,2,2,2,2).
individuo(231,4,3,6,1,2,2,2,2,2).
individuo(232,3,3,8,1,2,3,1,2,2).
individuo(233,4,3,5,2,1,2,2,3,1).
individuo(234,6,2,5,2,2,2,1,2,1).
individuo(235,4,3,4,6,1,3,1,2,2).
individuo(236,5,2,6,3,2,3,1,2,1).
individuo(237,5,2,5,2,1,3,2,3,2).
individuo(238,4,3,7,5,1,3,1,1,1).
individuo(239,3,3,7,4,2,2,2,1,1).
individuo(240,3,3,4,3,1,3,1,2,1).
individuo(241,5,2,7,4,1,3,1,4,1).
individuo(242,6,2,8,3,1,3,1,2,2).
individuo(243,3,3,5,2,1,2,1,2,2).
individuo(244,4,3,6,1,2,3,1,1,2).
individuo(245,4,3,11,1,2,2,2,2,1).
individuo(246,3,3,9,1,2,1,1,1,2).
individuo(247,6,2,11,1,2,3,2,1,2).
individuo(248,4,3,7,1,1,3,2,3,2).
individuo(249,4,3,7,3,1,3,2,1,2).
individuo(250,4,3,7,1,2,1,1,2,1).
individuo(251,4,3,5,2,1,2,1,2,1).
individuo(252,5,2,7,3,1,2,1,4,1).
individuo(253,5,2,7,2,2,3,2,1,2).
individuo(254,6,2,6,2,2,2,2,3,2).
individuo(255,4,2,6,5,1,3,1,4,1).
individuo(256,6,2,6,1,2,3,1,1,2).
individuo(257,3,3,8,4,1,3,1,2,2).
individuo(258,4,3,7,2,1,2,1,3,2).
individuo(259,6,2,5,9,1,3,1,2,1).
individuo(260,3,3,8,1,2,3,1,2,2).
individuo(261,4,3,6,1,2,2,1,2,1).
individuo(262,5,2,7,3,1,3,1,4,2).
individuo(263,5,3,6,1,2,3,2,2,1).
individuo(264,4,3,4,1,1,3,2,1,2).
individuo(265,6,2,7,1,1,2,2,3,1).
individuo(266,6,2,7,2,1,2,1,5,1).
individuo(267,4,3,6,4,1,3,2,1,2).
individuo(268,3,3,6,3,1,3,1,4,1).
individuo(269,6,2,3,3,1,3,1,1,1).
individuo(270,5,3,8,6,1,3,2,3,2).
individuo(271,5,2,9,3,1,3,1,2,1).
individuo(272,5,2,9,3,1,3,1,2,1).
individuo(273,3,3,7,1,2,2,1,1,2).
individuo(274,3,3,5,1,2,3,1,1,1).
individuo(275,6,2,5,1,2,1,2,1,2).
individuo(276,4,2,7,2,2,3,1,2,2).
individuo(277,5,2,7,2,2,3,1,2,2).
